0.000011 0.000087
0.000018 0.000125
0.000019 0.000128
0.000021 0.000139
0.000016 0.000119
0.000020 0.000131
0.000015 0.000109
0.000016 0.000124
0.000016 0.000124
0.000016 0.000130
0.000015 0.000121
0.000017 0.000136
0.000017 0.000133
0.000016 0.000127
0.000018 0.000144
0.000021 0.000165
0.000024 0.000179
0.000027 0.000201
0.000028 0.000201
0.000030 0.000216
0.000032 0.000226
0.000034 0.000244
0.000033 0.000233
0.000036 0.000246
0.000037 0.000254
0.000038 0.000267
0.000036 0.000259
0.000033 0.000242
0.000032 0.000231
0.000027 0.000204
0.000025 0.000191
0.000023 0.000177
0.000023 0.000175
0.000022 0.000170
0.000022 0.000171
0.000020 0.000158
0.000022 0.000170
0.000021 0.000164
0.000022 0.000172
0.000021 0.000163
0.000022 0.000168
0.000020 0.000160
0.000022 0.000176
0.000018 0.000144
0.000019 0.000150
0.000018 0.000145
0.000019 0.000152
0.000016 0.000126
0.000017 0.000124
0.000016 0.000119
0.000010 0.000078
0.000013 0.000102
0.000012 0.000094
0.000013 0.000102
0.000013 0.000104
0.000012 0.000095
0.000013 0.000101
0.000016 0.000122
0.000016 0.000122
0.000017 0.000130
0.000016 0.000123
0.000020 0.000149
0.000020 0.000151
0.000020 0.000150
0.000021 0.000156
0.000023 0.000175
0.000026 0.000189
0.000027 0.000204
0.000029 0.000212
